5724939671836800;1064;494
1366900287556610;1103;783
4415214688291740;1212;754
8420921519945140;1106;439
7962411162112570;1050;143
6935717712835670;1157;129
8272516806335930;1220;416
4151763721175810;1175;501
8463572504578630;1037;585
7001279458020930;1228;624
9509643348244980;1210;646
2779590910132500;1152;274
9140496896934460;1062;290
3590120631120660;1193;375
9475695888838400;1169;688
3171694933953710;1125;308
1825912108782690;1066;928
6226614081708680;1092;408
2558667758701190;1079;784
3971846170516500;1164;656
9015212151581860;1177;708
4631889147464100;1090;439
3847463561298970;1065;279
8965228621666240;1157;487
9353220628597350;1209;648
6388574739862450;1168;746
3378855520720980;1063;847
7590610782980940;1113;998
7016900374261360;1065;549
1839312094758480;1051;916
